ALTER: Cognitive Tessellation

Palette:
0 - Black (0, 0, 0)
1 - Dark Grey (64, 64, 64)
2 - Grey (128, 128, 128)
3 - Light Grey (192, 192, 192)
4 - White (255, 255, 255)

00000000000000000000000000000000000000000000000000000000000000000000000000000000000000000000000000
01111111111111111111111111111111111111111111111111111111111111111111111111111111111111111111111110
01222222222222222222222222222222222222222222222222222222222222222222222222222222222222222222222210
01233333333333333333333333333333333333333333333333333333333333333333333333333333333333333333332210
01234444444444444444444444444444444444444444444444444444444444444444444444444444444444444444432210
01234000000000000000000000000000000000000000000000000000000000000000000000000000000000000000432210
01234011111111111111111111111111111111111111111111111111111111111111111111111111111111111100432210
01234012222222222222222222222222222222222222222222222222222222222222222222222222222222222100432210
01234012333333333333333333333333333333333333333333333333333333333333333333333333333333332100432210
01234012344444444444444444444444444444444444444444444444444444444444444444444444444444432100432210
01234012340000000000000000000000000000000000000000000000000000000000000000000000000000432100432210
01234012340111111111111111111111111111111111111111111111111111111111111111111111111100432100432210
01234012340122222222222222222222222222222222222222222222222222222222222222222222222100432100432210
01234012340123333333333333333333333333333333333333333333333333333333333333333333332100432100432210
01234012340123444444444444444444444444444444444444444444444444444444444444444444432100432100432210
01234012340123400000000000000000000000000000000000000000000000000000000000000000432100432100432210
01234012340123401111111111111111111111111111111111111111111111111111111111111100432100432100432210
01234012340123401222222222222222222222222222222222222222222222222222222222222100432100432100432210
01234012340123401233333333333333333333333333333333333333333333333333333333332100432100432100432210
01234012340123401234444444444444444444444444444444444444444444444444444444432100432100432100432210
01234012340123401234000000000000000000000000000000000000000000000000000000432100432100432100432210
01234012340123401234011111111111111111111111111111111111111111111111111100432100432100432100432210
01234012340123401234012222222222222222222222222222222222222222222222222100432100432100432100432210
01234012340123401234012333333333333333333333333333333333333333333333332100432100432100432100432210
01234012340123401234012344444444444444444444444444444444444444444444432100432100432100432100432210
01234012340123401234012340000000000000000000000000000000000000000000432100432100432100432100432210
01234012340123401234012340111111111111111111111111111111111111111100432100432100432100432100432210
01234012340123401234012340122222222222222222222222222222222222222100432100432100432100432100432210
01234012340123401234012340123333333333333333333333333333333333332100432100432100432100432100432210
01234012340123401234012340123444444444444444444444444444444444432100432100432100432100432100432210
01234012340123401234012340123400000000000000000000000000000000432100432100432100432100432100432210
01234012340123401234012340123401111111111111111111111111111100432100432100432100432100432100432210
01234012340123401234012340123401222222222222222222222222222100432100432100432100432100432100432210
01234012340123401234012340123401233333333333333333333333332100432100432100432100432100432100432210
01234012340123401234012340123401234444444444444444444444432100432100432100432100432100432100432210
01234012340123401234012340123401234000000000000000000000432100432100432100432100432100432100432210
01234012340123401234012340123401234011111111111111111100432100432100432100432100432100432100432210
01234012340123401234012340123401234012222222222222222100432100432100432100432100432100432100432210
01234012340123401234012340123401234012333333333333332100432100432100432100432100432100432100432210
01234012340123401234012340123401234012344444444444432100432100432100432100432100432100432100432210
01234012340123401234012340123401234012340000000000432100432100432100432100432100432100432100432210
01234012340123401234012340123401234012340111111100432100432100432100432100432100432100432100432210
01234012340123401234012340123401234012340122222100432100432100432100432100432100432100432100432210
01234012340123401234012340123401234012340123332100432100432100432100432100432100432100432100432210
01234012340123401234012340123401234012340123432100432100432100432100432100432100432100432100432210
01234012340123401234012340123401234012340123432100432100432100432100432100432100432100432100432210
01234012340123401234012340123401234012340123432100432100432100432100432100432100432100432100432210
01234012340123401234012340123401234012340123432100432100432100432100432100432100432100432100432210
01234012340123401234012340123401234012340123432100432100432100432100432100432100432100432100432210
01234012340123401234012340123401234012340123432100432100432100432100432100432100432100432100432210
01234012340123401234012340123401234012340123432100432100432100432100432100432100432100432100432210
01234012340123401234012340123401234012340123432100432100432100432100432100432100432100432100432210
01234012340123401234012340123401234012340123432100432100432100432100432100432100432100432100432210
01234012340123401234012340123401234012340123432100432100432100432100432100432100432100432100432210
01234012340123401234012340123401234012340123432100432100432100432100432100432100432100432100432210
01234012340123401234012340123401234012340123432100432100432100432100432100432100432100432100432210
01234012340123401234012340123401234012340123432100432100432100432100432100432100432100432100432210
01234012340123401234012340123401234012340123432100432100432100432100432100432100432100432100432210
01234012340123401234012340123401234012340123432100432100432100432100432100432100432100432100432210
01234012340123401234012340123401234012340123432100432100432100432100432100432100432100432100432210
01234012340123401234012340123401234012340123432100432100432100432100432100432100432100432100432210
01234012340123401234012340123401234012340123432100432100432100432100432100432100432100432100432210
01234012340123401234012340123401234012340123432100432100432100432100432100432100432100432100432210
01234012340123401234012340123401234012340123432100432100432100432100432100432100432100432100432210
01234012340123401234012340123401234012340123432100432100432100432100432100432100432100432100432210
01234012340123401234012340123401234012340123432100432100432100432100432100432100432100432100432210
01234012340123401234012340123401234012340123432100432100432100432100432100432100432100432100432210
01234012340123401234012340123401234012340123432100432100432100432100432100432100432100432100432210
01234012340123401234012340123401234012340123432100432100432100432100432100432100432100432100432210
01234012340123401234012340123401234012340123432100432100432100432100432100432100432100432100432210
01234012340123401234012340123401234012340123432100432100432100432100432100432100432100432100432210
01234012340123401234012340123401234012340123432100432100432100432100432100432100432100432100432210
01234012340123401234012340123401234012340123432100432100432100432100432100432100432100432100432210
01234012340123401234012340123401234012340123432100432100432100432100432100432100432100432100432210
01234012340123401234012340123401234012340123432100432100432100432100432100432100432100432100432210
01234012340123401234012340123401234012340123432100432100432100432100432100432100432100432100432210
01234012340123401234012340123401234012340123432100432100432100432100432100432100432100432100432210
01234012340123401234012340123401234012340123432100432100432100432100432100432100432100432100432210
01234012340123401234012340123401234012340123432100432100432100432100432100432100432100432100432210
01234012340123401234012340123401234012340123432100432100432100432100432100432100432100432100432210
01234012340123401234012340123401234012340123432100432100432100432100432100432100432100432100432210
01234012340123401234012340123401234012340123432100432100432100432100432100432100432100432100432210
01234012340123401234012340123401234012340123432100432100432100432100432100432100432100432100432210
01234012340123401234012340123401234012340123432100432100432100432100432100432100432100432100432210
01234012340123401234012340123401234012340123432100432100432100432100432100432100432100432100432210
01234012340123401234012340123401234012340123432100432100432100432100432100432100432100432100432210
01234012340123401234012340123401234012340123432100432100432100432100432100432100432100432100432210
01234012340123401234012340123401234012340123432100432100432100432100432100432100432100432100432210
01234012340123401234012340123401234012340123432100432100432100432100432100432100432100432100432210
01234012340123401234012340123401234012340123432100432100432100432100432100432100432100432100432210
01234012340123401234012340123401234012340123432100432100432100432100432100432100432100432100432210
01234012340123401234012340123401234012340123432100432100432100432100432100432100432100432100432210
01234012340123401234012340123401234012340123432100432100432100432100432100432100432100432100432210
01234012340123401234012340123401234012340123432100432100432100432100432100432100432100432100432210
01234012340123401234012340123401234012340123432100432100432100432100432100432100432100432100432210
01234012340123401234012340123401234012340123432100432100432100432100432100432100432100432100432210
01234012340123401234012340123401234012340123432100432100432100432100432100432100432100432100432210
01234012340123401234012340123401234012340123432100432100432100432100432100432100432100432100432210
01234012340123401234012340123401234012340123432100432100432100432100432100432100432100432100432210
01234012340123401234012340123401234012340123432100432100432100432100432100432100432100432100432210
01234012340123401234012340123401234012340123432100432100432100432100432100432100432100432100432210
