ALTER: Digital Essence

0 - Deep Blue (0, 0, 139) [Intelligence]
1 - Cyan (0, 255, 255) [Data Processing]
2 - Emerald Green (0, 201, 87) [Growth and Learning]
3 - Royal Purple (120, 81, 169) [Creativity]
4 - Gold (255, 215, 0) [Knowledge]
5 - Coral (255, 127, 80) [Communication]
6 - Silver (192, 192, 192) [Adaptability]
7 - White (255, 255, 255) [Clarity]

0000000000000000000000000000000000000000000000000000000000000000000000000000000000000000000000000000
0000000000000000000000000000000000000000000000000000000000000000000000000000000000000000000000000000
0000000000000000000000000000000000000000000000000000000000000000000000000000000000000000000000000000
0000000000000000000000000000000000000000000000000000000000000000000000000000000000000000000000000000
0000000000000000000000000000000000000000000000000000000000000000000000000000000000000000000000000000
0000000000000000000000000000000000000000000000000000000000000000000000000000000000000000000000000000
0000000000000000000000000000000000000000000000000000000000000000000000000000000000000000000000000000
0000000000000000000000000000000000000000000000000000000000000000000000000000000000000000000000000000
0000000000000000000000000000000000111111111111111111000000000000000000000000000000000000000000000000
0000000000000000000000000000001111111111111111111111111100000000000000000000000000000000000000000000
0000000000000000000000000001111111111111111111111111111111100000000000000000000000000000000000000000
0000000000000000000000001111111111111111111111111111111111111000000000000000000000000000000000000000
0000000000000000000000111111111111111111111111111111111111111110000000000000000000000000000000000000
0000000000000000000011111111111111111111111111111111111111111111000000000000000000000000000000000000
0000000000000000001111111111111111111111111111111111111111111111110000000000000000000000000000000000
0000000000000000111111111111111111111111111111111111111111111111111000000000000000000000000000000000
0000000000000001111111111111111111111111111111111111111111111111111100000000000000000000000000000000
0000000000000111111111111111111111111111111111111111111111111111111110000000000000000000000000000000
0000000000011111111111111111111111111111111111111111111111111111111111100000000000000000000000000000
0000000000111111111111111111111111111111111111111111111111111111111111110000000000000000000000000000
0000000011111111111111111111111111111111111111111111111111111111111111111000000000000000000000000000
0000000111111111111111111111111111111111111111111111111111111111111111111100000000000000000000000000
0000011111111111111111111111111111111111111111111111111111111111111111111111000000000000000000000000
0000111111111111111111111222222222222222222222222222222222111111111111111111100000000000000000000000
0001111111111111111112222222222222222222222222222222222222222211111111111111110000000000000000000000
0011111111111111112222222222222222222222222222222222222222222222111111111111111000000000000000000000
0111111111111111222222222222222222222222222222222222222222222222221111111111111100000000000000000000
1111111111111112222222222222222222222222222222222222222222222222222111111111111110000000000000000000
1111111111111222222222222222222222222222222222222222222222222222222221111111111111000000000000000000
1111111111112222222222222222222222222222222222222222222222222222222222111111111111100000000000000000
1111111111122222222222222223333333333333333333333333333332222222222222211111111111110000000000000000
1111111111222222222222223333333333333333333333333333333333333222222222221111111111111000000000000000
1111111112222222222222333333333333333333333333333333333333333332222222222111111111111100000000000000
1111111122222222222233333333333333333333333333333333333333333333222222222211111111111110000000000000
1111111222222222223333333333333333333333333333333333333333333333322222222221111111111111000000000000
1111112222222222233333333333333333333333333333333333333333333333332222222222111111111111100000000000
1111122222222223333333333333333333333333333333333333333333333333333222222222211111111111110000000000
1111222222222233333333333333333333333333333333333333333333333333333322222222221111111111111000000000
1112222222222333333333333333333333333333333333333333333333333333333332222222222111111111111100000000
1122222222223333333333333333333333333333333333333333333333333333333333222222222211111111111110000000
1222222222233333333333333333333333344444444444444444443333333333333333322222222221111111111111000000
2222222222333333333333333333333344444444444444444444444443333333333333332222222222111111111111100000
2222222223333333333333333333344444444444444444444444444444433333333333333222222222211111111111110000
2222222233333333333333333334444444444444444444444444444444444333333333333322222222221111111111111000
2222222333333333333333333444444444444444444444444444444444444433333333333332222222222111111111111100
2222223333333333333333334444444444444444444444444444444444444443333333333333222222222211111111111110
2222233333333333333333444444444444444444444444444444444444444444333333333333322222222221111111111111
2222333333333333333334444444444444444444444444444444444444444444433333333333332222222222111111111111
2223333333333333333444444444444444444444444444444444444444444444443333333333333222222222211111111111
2233333333333333334444444444444444444445555555555554444444444444444333333333333322222222221111111111
2333333333333333344444444444444444455555555555555555554444444444444433333333333332222222222111111111
3333333333333333444444444444444455555555555555555555555544444444444443333333333333222222222211111111
3333333333333334444444444444445555555555555555555555555555444444444444333333333333322222222221111111
3333333333333344444444444444555555555555555555555555555555544444444444433333333333332222222222111111
3333333333333444444444444455555555555555555555555555555555554444444444443333333333333222222222211111
3333333333334444444444444555555555555555555555555555555555555444444444444333333333333322222222221111
3333333333344444444444455555555555555555555555555555555555555544444444444433333333333332222222222111
3333333333444444444444555555555555555555555555555555555555555554444444444443333333333333222222222211
3333333334444444444445555555555555555555566666666655555555555555444444444444333333333333322222222221
3333333344444444444455555555555555555566666666666666555555555555544444444444433333333333332222222222
3333333444444444444555555555555555556666666666666666665555555555554444444444443333333333333222222222
3333334444444444445555555555555555666666666666666666666555555555555444444444444333333333333322222222
3333344444444444455555555555555556666666666666666666666655555555555544444444444433333333333332222222
3333444444444444555555555555555666666666666666666666666665555555555554444444444443333333333333222222
3334444444444445555555555555556666666666666666666666666666555555555555444444444444333333333333322222
3344444444444455555555555555666666666666666666666666666666655555555555544444444444433333333333332222
3444444444444555555555555556666666666666666666666666666666665555555555554444444444443333333333333222
4444444444445555555555555666666666666666666666666666666666666555555555555444444444444333333333333322
4444444444455555555555556666666666666666666777777666666666666655555555555544444444444433333333333333
4444444444555555555555666666666666666666677777777776666666666665555555555554444444444443333333333333
4444444445555555555556666666666666666667777777777777666666666666555555555555444444444444333333333333
4444444455555555555666666666666666666777777777777777766666666666655555555555544444444444433333333333
4444444555555555556666666666666666677777777777777777776666666666665555555555554444444444443333333333
4444445555555555666666666666666667777777777777777777777666666666666555555555555444444444444333333333
4444455555555556666666666666666777777777777777777777777766666666666655555555555544444444444433333333
4444555555555666666666666666677777777777777777777777777776666666666665555555555554444444444443333333
4445555555556666666666666667777777777777777777777777777777666666666666555555555555444444444444333333
4455555555566666666666666777777777777777777777777777777777766666666666655555555555544444444444433333
4555555555666666666666677777777777777777777777777777777777776666666666665555555555554444444444443333
5555555556666666666666777777777777777777777777777777777777777666666666666555555555555444444444444333
5555555566666666666677777777777777777777777777777777777777777766666666666655555555555544444444444433
5555555666666666666777777777777777777777777777777777777777777776666666666665555555555554444444444443
5555556666666666677777777777777777777777777777777777777777777777666666666666555555555555444444444444
5555566666666666777777777777777777777777777777777777777777777777766666666666655555555555544444444444
5555666666666667777777777777777777777777777777777777777777777777776666666666665555555555554444444444
5556666666666677777777777777777777777777777777777777777777777777777666666666666555555555555444444444
5566666666666777777777777777777777777777777777777777777777777777777766666666666655555555555544444444
5666666666667777777777777777777777777777777777777777777777777777777776666666666665555555555554444444
6666666666677777777777777777777777777777777777777777777777777777777777666666666666555555555555444444
6666666666777777777777777777777777777777777777777777777777777777777777766666666666655555555555544444
6666666667777777777777777777777777777777777777777777777777777777777777776666666666665555555555554444
6666666677777777777777777777777777777777777777777777777777777777777777777666666666666555555555555444
6666666777777777777777777777777777777777777777777777777777777777777777777766666666666655555555555544
6666667777777777777777777777777777777777777777777777777777777777777777777776666666666665555555555554
