Magical Unicorn: Pixel Fantasy

Palette:
0 - White (255, 255, 255)
1 - Light Pink (255, 182, 193)
2 - Hot Pink (255, 105, 180)
3 - Purple (128, 0, 128)
4 - Indigo (75, 0, 130)
5 - Blue (0, 0, 255)
6 - Cyan (0, 255, 255)
7 - Yellow (255, 255, 0)
8 - Gold (255, 215, 0)
9 - Black (0, 0, 0)

00000000000000000000077000000000000000000000000
00000000000000000007788700000000000000000000000
00000000000000000078888870000000000000000000000
00000000000000000788888887000000000000000000000
00000000000000007888888888700000000000000000000
00000000000000078888888888870000000000000000000
00000000000000788888888888887000000000000000000
00000000000007888888888888888700000000000000000
00000000000078888888888888888870000000000000000
00000000000788888888888888888887000000000000000
00000000007888888888888888888888700000000000000
00000000078888888888888888888888870000000000000
00000000788888888888888888888888887000000000000
00000007888888888888888888888888888700000000000
00000078888888888888888888888888888870000000000
00000111111111111111111111111111111111000000000
00001111111111111111111111111111111111100000000
00011111111111111111111111111111111111110000000
00111111111111111111111111111111111111111000000
01111111111111111111111111111111111111111100000
11111111111111111111111111111111111111111110000
11111111111111111111111111111111111111111111000
11111122222222222222222222222222222222211111100
11111222222222222222222222222222222222221111110
11112222222222222222222222222222222222222111111
11122222222222222222222222222222222222222211111
11222222222222222222222222222222222222222221111
12222222222222222222222222222222222222222222111
22222222223333333333333333333333332222222222211
22222222333333333333333333333333333322222222221
22222233333333333333333333333333333332222222222
22222333333333333333333333333333333333222222222
22223333333333444444444444444443333333322222222
22233333333344444444444444444444333333332222222
22333333334444444444444444444444443333333222222
23333333344444444455555555544444444333333322222
23333333444444445555555555554444444333333322222
23333334444444455555555555555444444433333332222
23333334444444555555666655555544444433333332222
23333334444445555556666665555544444433333332222
23333334444445555566666665555544444433333332222
23333334444445555566666665555544444433333332222
23333334444445555566666665555544444433333332222
23333334444445555566666665555544444433333332222
22333334444445555566666665555544444433333322222
22233334444445555566666665555544444433333222222
22223334444445555566666665555544444433332222222
22222234444445555566666665555544444432222222222
22222222344445555566666665555544443222222222222
22222222223445555566666665555543222222222222222
